96000.00000000000000000000
90000.00000000000000000000
84375.00000000000000000000
79101.56250000000000000000
74157.71484375000000000000
69522.85766601562500000000
65177.67906188964843750000
61104.07412052154541015625
57285.06948798894882202148
53704.75264498963952064514
50348.20560467778705060482
47201.44275438542535994202
44251.35258223633627494564
41485.64304584656525776154
38892.79035548115492915144
36461.99095826358274763379
34183.11652337210882635077
32046.67174066135202536998
30043.75475687001752334027
28166.02008456564142768741
26405.64382928028883767979
24755.29108995027078599094
23208.08539682837886175548
21757.58005952660518289576
20397.73130580619235985296
19122.87309919330533780624
17927.69353049372375430437
16807.21268483786601954932
15756.76189203549939321647
14771.96427378328068158453
13848.71650667182563942958
12983.17172500483653685421
12171.72349219203425363389
11410.99077393003211255973
10697.80385055940510596884
10029.19110989944228684578
9402.36666553072714425099
8814.71874893505669756877
8263.79882712661565413725
7747.31140043120217564265
7263.10443790425203980377
6809.16041053523628745481
6383.58788487678401946113
5984.61364207198501841134
5610.57528944248595470512
5259.91433385233058261932
4931.16968798655992101132
4622.97158248739992592036
4334.03585858193743041156
4063.15861742056634109410
3809.21120383178094481735
3571.13550359229463571076
3347.93953461777622093720
3138.69331370416520710087
2942.52498159765488172646
2758.61717024780145157692
2586.20359710731386093663
2424.56587228810674461421
2273.03050527010007297868
2130.96609869071881848690
1997.78071752254889237310
1872.91942267738958660672
1755.86195876005273741605
1646.12058633754944136918
1543.23804969145260124197
1446.78567158573681361577
1356.36156711162826271622
1271.58896916715149627564
1192.11465859420452773065
1117.60749243206674474749
1047.75702415506257314526
982.27221014537116233756
920.88019701128546468105
863.32518469808012312461
809.36736065445011545361
758.78190061354698325857
711.35803182520029680491
666.89815483612527824420
625.21702015886744835393
586.14095639893823280753
549.50714662400459326053
515.16294996000430617134
482.96526558750403704257
452.77993648828503472914
424.48119045776722005336
397.95111605415676880870
373.07917130077197076510
349.76172309447372260616
327.90161540106911494674
307.40776443850229526777
288.19477916109590182048
270.18260546352740794629
253.29619262205694495138
237.46518058317838589799
222.62360679672973677590
208.70963137193412823001
195.66527941118824521216
183.43619944798897988814
171.97143698248966864339
161.22322217108406434971
151.14677078539131033219
141.70009761130435343990
132.84384151059783135684
124.54110141618546689357
116.75728257767387521099
109.45995241656925801160
102.61870539053367938631
96.20503630362532442727
90.19222153464874165013
84.55520768873319529396
79.27050720818737059026
74.31610050767565992663
69.67134422594593118339
65.31688521182431048095
61.23457988608529107416
57.40741864320496038246
53.81945497800465035704
50.45573904187935971102
47.30225535176189972930
44.34586439227678099709
41.57424786775948218412
38.97585737602451454870
36.53986629002298238897
34.25612464689654599118
32.11511685646551186521
30.10792205293641737342
28.22617692462789128725
26.46204086683864808126
24.80816331266123257564
23.25765310561990554042
21.80404978651866144436
20.44129667486124510463
19.16371563268241728570
17.96598340563976620513
16.84310944278728081752
15.79041510261307576686
14.80351415869975853154
13.87829452378102362310
13.01090111604470964633
12.19771979629191529376
11.43536230902367058747
10.72065216470969117608
10.05061140441533547741
9.42244819163937701034
8.83354517966191594720
8.28144860593304620033
7.76385806806223081281
7.27861693880834138707
6.82370338013282005029
6.39722191887451879701
5.99739554894486137215
5.62255832713580753655
5.27114843168981956571
4.94170165470920584290
4.63284530128988047753
4.34329246995926294755
4.07183669058680901319
3.81734689742513344990
3.57876271633606260936
3.35509004656505869634
3.14539691865474252777
2.94880961123882111979
2.76450901053639479981
2.59172719737787012485
2.42974424754175324210
2.27788523207039366445
2.13551740506599406033
2.00204756724936943149
1.87691959429628384202
1.75961211965276610194
1.64963636217446822055
1.54653408953856395672
1.44987570894240370945
1.35925847713350347759
1.27430482231265951028
1.19466077091811829092
1.11999447273573589780
1.04999481818975240422
0.98437014205289287893
0.92284700817458707397
0.86516907016367538186
0.81109600327844567051
0.76040250307354281611
0.71287734663144639008
0.66832251246698099069
0.62655235543779467876
0.58739283322293251132
0.55068078114649922936
0.51626323232484302750
0.48399678030454033829
0.45374698153550656714
0.42538779518953740669
0.39880105799019131878
0.37387599186580436136
0.35050874237419158878
0.32860194597580461449
0.30806432435231682608
0.28881030408029702446
0.27075966007527846042
0.25383718132057355663
0.23797235748803770934
0.22309908514503535250
0.20915539232347064296
0.19608318030325372778
0.18382798153430036979
0.17233873268840659669
0.16156756189538118440
0.15146958927691986038
0.14200273994711236911
0.13312756870041784604
0.12480709565664173066
0.11700665217810162249
0.10969373641697027109
0.10283787789090962915
0.09641051052272777733
0.09038485361505729124
0.08473580026411621054
0.07943981274760894738
0.07447482445088338817
0.06982014792270317641
0.06545638867753422789
0.06136536438518833864
0.05753002911111406748
0.05393440229166943826
0.05056350214844009837
0.04740328326416259222
0.04444057806015243021
0.04166304193139290332
0.03905910181068084686
0.03661790794751329393
0.03432928870079371306
0.03218370815699410599
0.03017222639718197437
0.02828646224735810097
0.02651855835689821966
0.02486114845959208093
0.02330732668086757587
0.02185061876331335238
0.02048495509060626786
0.01920464539744337612
0.01800435506010316511
0.01687908286884671729
0.01582414018954379746
0.01483513142769731012
0.01390793571346622824
0.01303868973137458897
0.01222377162316367716
0.01145978589671594734
0.01074354927817120063
0.01007207744828550059
0.00944257260776765680
0.00885241181978217825
0.00829913608104579211
0.00778044007598043011
0.00729416257123165322
0.00683827741052967490
0.00641088507237157022
0.00601020475534834708
0.00563456695813907539
0.00528240652325538317
0.00495225611555192173
0.00464274010832992662
0.00435256885155930620
0.00408053329833684957
0.00382549996719079647
0.00358640621924137169
0.00336225583053878596
0.00315211484113011184
0.00295510766355947985
0.00277041343458701236
0.00259726259492532408
0.00243493368274249133
0.00228275032757108562
0.00214007843209789277
0.00200632353009177447
0.00188092830946103857
0.00176337029011972366
0.00165315964698724093
0.00154983716905053837
0.00145297234598487972
0.00136216157436082474
0.00127702647596327319
0.00119721232121556862
0.00112238655113959558
0.00105223739169337086
0.00098647255471253518
0.00092481802004300173
0.00086701689379031412
0.00081282833792841949
0.00076202656680789327
0.00071439990638239994
0.00066974991223349994
0.00062789054271890620
0.00058864738379897456
0.00055185692231153865
0.00051736586466706749
0.00048503049812537577
0.00045471609199253978
0.00042629633624300605
0.00039965281522781817
0.00037467451427607953
0.00035125735713382456
0.00032930377231296053
0.00030872228654340049
0.00028942714363443796
0.00027133794715728559
0.00025437932545995524
0.00023848061761870804
0.00022357557901753879
0.00020960210532894261
0.00019650197374588370
0.00018422060038676597
0.00017270681286259309
0.00016191263705868103
0.00015179309724251346
0.00014230602866485637
0.00013341190187330285
0.00012507365800622142
0.00011725655438083258
0.00010992801973203054
0.00010305751849877864
0.00009661642359260497
0.00009057789711806716
0.00008491677854818796
0.00007960947988892621
0.00007463388739586833
0.00006996926943362656
0.00006559619009402490
0.00006149642821314834
0.00005765290144982657
0.00005404959510921241
0.00005067149541488663
0.00004750452695145622
0.00004453549401699020
0.00004175202564092832
0.00003914252403837030
0.00003669611628597215
0.00003440260901809889
0.00003225244595446771
0.00003023666808231348
0.00002834687632716889
0.00002657519655672083
0.00002491424677192578
0.00002335710634868042
0.00002189728720188789
0.00002052870675176990
0.00001924566257978428
0.00001804280866854776
0.00001691513312676353
0.00001585793730634081
0.00001486681622469451
0.00001393764021065110
0.00001306653769748541
0.00001224987909139257
0.00001148426164818053
0.00001076649529516925
0.00001009358933922117
0.00000946274000551985
0.00000887131875517486
0.00000831686133297643
0.00000779705749966540
0.00000730974140593631
0.00000685288256806530
0.00000642457740756121
0.00000602304131958864
0.00000564660123711435
0.00000529368865979470
0.00000496283311855753
0.00000465265604864769
0.00000436186504560721
0.00000408924848025676
0.00000383367045024071
0.00000359406604710066
0.00000336943691915687
0.00000315884711170957
0.00000296141916722772
0.00000277633046927599
0.00000260280981494624
0.00000244013420151210
0.00000228762581391759
0.00000214464920054774
0.00000201060862551351
0.00000188494558641891
0.00000176713648726773
0.00000165669045681350
0.00000155314730326266
0.00000145607559680874
0.00000136507087200819
0.00000127975394250768
0.00000119976932110095
0.00000112478373853214
0.00000105448475487388
0.00000098857945769427
0.00000092679324158837
0.00000086886866398910
0.00000081456437248978
0.00000076365409920917
0.00000071592571800860
0.00000067118036063306
0.00000062923158809349
0.00000058990461383765
0.00000055303557547280
0.00000051847085200575
0.00000048606642375539
0.00000045568727227068
0.00000042720681775376
0.00000040050639164415
0.00000037547474216639
0.00000035200757078099
0.00000033000709760718
0.00000030938165400673
0.00000029004530063131
0.00000027191746934185
0.00000025492262750799
0.00000023898996328874
0.00000022405309058319
0.00000021004977242174
0.00000019692166164538
0.00000018461405779255
0.00000017307567918051
0.00000016225844923173
0.00000015211729615475
0.00000014260996514508
0.00000013369684232351
0.00000012534078967829
0.00000011750699032340
0.00000011016280342818
0.00000010327762821392
0.00000009682277645055
0.00000009077135292239
0.00000008509814336474
0.00000007977950940445
0.00000007479329006667
0.00000007011870943750
0.00000006573629009766
0.00000006162777196655
0.00000005777603621864
0.00000005416503395498
0.00000005077971933279
0.00000004760598687449
0.00000004463061269484
0.00000004184119940141
0.00000003922612443882
0.00000003677449166140
0.00000003447608593256
0.00000003232133056177
0.00000003030124740166
0.00000002840741943906
0.00000002663195572412
0.00000002496745849136
0.00000002340699233565
0.00000002194405531467
0.00000002057255185751
0.00000001928676736641
0.00000001808134440601
0.00000001695126038063
0.00000001589180660685
0.00000001489856869392
0.00000001396740815055
0.00000001309444514114
0.00000001227604231982
0.00000001150878967483
0.00000001078949032015
0.00000001011514717514
0.00000000948295047670
0.00000000889026607190
0.00000000833462444241
0.00000000781371041476
0.00000000732535351384
0.00000000686751891922
0.00000000643829898677
0.00000000603590530010
0.00000000565866121884
0.00000000530499489266
0.00000000497343271187
0.00000000466259316738
0.00000000437118109442
0.00000000409798227602
0.00000000384185838377
0.00000000360174223478
0.00000000337663334511
0.00000000316559376104
0.00000000296774415097
0.00000000278226014154
0.00000000260836888269
0.00000000244534582752
0.00000000229251171330
0.00000000214922973122
0.00000000201490287302
0.00000000188897144346
0.00000000177091072824
0.00000000166022880773
0.00000000155646450724
0.00000000145918547554
0.00000000136798638332
0.00000000128248723436
0.00000000120233178221
0.00000000112718604583
0.00000000105673691796
0.00000000099069086059
0.00000000092877268180
0.00000000087072438919
0.00000000081630411486
0.00000000076528510769
0.00000000071745478846
0.00000000067261386418
0.00000000063057549767
0.00000000059116452906
0.00000000055421674600
0.00000000051957819937
0.00000000048710456191
0.00000000045666052679
0.00000000042811924387
0.00000000040136179112
0.00000000037627667918
0.00000000035275938673
0.00000000033071192506
0.00000000031004242974
0.00000000029066477788
0.00000000027249822927
0.00000000025546708994
0.00000000023950039682
0.00000000022453162202
0.00000000021049839564
0.00000000019734224591
0.00000000018500835554
0.00000000017344533332
0.00000000016260499999
0.00000000015244218749
0.00000000014291455077
0.00000000013398239135
0.00000000012560849189
0.00000000011775796115
0.00000000011039808857
0.00000000010349820804
0.00000000009702957004
0.00000000009096522191
0.00000000008527989554
0.00000000007994990207
0.00000000007495303319
0.00000000007026846861
0.00000000006587668933
0.00000000006175939624
0.00000000005789943398
0.00000000005428071935
0.00000000005088817439
0.00000000004770766350
0.00000000004472593453
0.00000000004193056362
0.00000000003930990339
0.00000000003685303443
0.00000000003454971978
0.00000000003239036229
0.00000000003036596465
0.00000000002846809186
0.00000000002668883612
0.00000000002502078386
0.00000000002345698487
0.00000000002199092331
0.00000000002061649061
0.00000000001932795994
0.00000000001811996245
0.00000000001698746479
0.00000000001592574825
0.00000000001493038898
0.00000000001399723967
0.00000000001312241219
0.00000000001230226143
0.00000000001153337009
0.00000000001081253446
0.00000000001013675105
0.00000000000950320411
0.00000000000890925386
0.00000000000835242549
0.00000000000783039890
0.00000000000734099897
0.00000000000688218653
0.00000000000645204987
0.00000000000604879676
0.00000000000567074696
0.00000000000531632527
0.00000000000498405494
0.00000000000467255151
0.00000000000438051704
0.00000000000410673473
0.00000000000385006381
0.00000000000360943482
0.00000000000338384514
0.00000000000317235482
0.00000000000297408264
0.00000000000278820248
0.00000000000261393982
0.00000000000245056858
0.00000000000229740805
0.00000000000215382004
0.00000000000201920629
0.00000000000189300590
0.00000000000177469303
0.00000000000166377472
0.00000000000155978880
0.00000000000146230200
0.00000000000137090812
0.00000000000128522636
0.00000000000120489972
0.00000000000112959348
0.00000000000105899389
0.00000000000099280677
0.00000000000093075635
0.00000000000087258408
0.00000000000081804757
0.00000000000076691960
0.00000000000071898712
0.00000000000067405043
0.00000000000063192228
0.00000000000059242714
0.00000000000055540044
0.00000000000052068791
0.00000000000048814492
0.00000000000045763586
0.00000000000042903362
0.00000000000040221902
0.00000000000037708033
0.00000000000035351281
0.00000000000033141826
0.00000000000031070462
0.00000000000029128558
0.00000000000027308023
0.00000000000025601272
0.00000000000024001192
0.00000000000022501118
0.00000000000021094798
0.00000000000019776373
0.00000000000018540350
0.00000000000017381578
0.00000000000016295229
0.00000000000015276777
0.00000000000014321979
0.00000000000013426855
0.00000000000012587677
0.00000000000011800947
0.00000000000011063388
0.00000000000010371926
0.00000000000009723681
0.00000000000009115950
0.00000000000008546204
0.00000000000008012066
0.00000000000007511312
0.00000000000007041855
0.00000000000006601739
0.00000000000006189130
0.00000000000005802310
0.00000000000005439665
0.00000000000005099686
0.00000000000004780956
0.00000000000004482146
0.00000000000004202012
0.00000000000003939386
0.00000000000003693174
0.00000000000003462351
0.00000000000003245954
0.00000000000003043082
0.00000000000002852889
0.00000000000002674584
0.00000000000002507422
0.00000000000002350708
0.00000000000002203789
0.00000000000002066052
0.00000000000001936924
0.00000000000001815866
0.00000000000001702375
0.00000000000001595976
0.00000000000001496228
0.00000000000001402713
0.00000000000001315044
0.00000000000001232854
0.00000000000001155800
0.00000000000001083563
0.00000000000001015840
0.00000000000000952350
0.00000000000000892828
0.00000000000000837026
0.00000000000000784712
0.00000000000000735668
0.00000000000000689689
0.00000000000000646583
0.00000000000000606172
0.00000000000000568286
0.00000000000000532768
0.00000000000000499470
0.00000000000000468253
0.00000000000000438987
0.00000000000000411551
0.00000000000000385829
0.00000000000000361714
0.00000000000000339107
0.00000000000000317913
0.00000000000000298043
0.00000000000000279416
0.00000000000000261952
0.00000000000000245580
0.00000000000000230231
0.00000000000000215842
0.00000000000000202352
0.00000000000000189705
0.00000000000000177848
0.00000000000000166733
0.00000000000000156312
0.00000000000000146543
0.00000000000000137384
0.00000000000000128797
0.00000000000000120747
0.00000000000000113201
0.00000000000000106126
0.00000000000000099493
0.00000000000000093274
0.00000000000000087445
0.00000000000000081979
0.00000000000000076856
0.00000000000000072052
0.00000000000000067549
0.00000000000000063327
0.00000000000000059369
0.00000000000000055659
0.00000000000000052180
0.00000000000000048919
0.00000000000000045861
0.00000000000000042995
0.00000000000000040308
0.00000000000000037789
0.00000000000000035427
0.00000000000000033213
0.00000000000000031137
0.00000000000000029191
0.00000000000000027366
0.00000000000000025656
0.00000000000000024052
0.00000000000000022549
0.00000000000000021140
0.00000000000000019819
0.00000000000000018580
0.00000000000000017419
0.00000000000000016330
0.00000000000000015309
0.00000000000000014353
0.00000000000000013456
0.00000000000000012615
0.00000000000000011826
0.00000000000000011087
0.00000000000000010394
0.00000000000000009744
0.00000000000000009135
0.00000000000000008564
0.00000000000000008029
0.00000000000000007527
0.00000000000000007057
0.00000000000000006616
0.00000000000000006202
0.00000000000000005815
0.00000000000000005451
0.00000000000000005111
0.00000000000000004791
0.00000000000000004492
0.00000000000000004211
0.00000000000000003948
0.00000000000000003701
0.00000000000000003470
0.00000000000000003253
0.00000000000000003050
0.00000000000000002859
0.00000000000000002680
0.00000000000000002513
0.00000000000000002356
0.00000000000000002208
0.00000000000000002070
0.00000000000000001941
0.00000000000000001820
0.00000000000000001706
0.00000000000000001599
0.00000000000000001499
0.00000000000000001406
0.00000000000000001318
0.00000000000000001235
0.00000000000000001158
0.00000000000000001086
0.00000000000000001018
0.00000000000000000954
0.00000000000000000895
0.00000000000000000839
0.00000000000000000786
0.00000000000000000737
0.00000000000000000691
0.00000000000000000648
0.00000000000000000607
0.00000000000000000569
0.00000000000000000534
0.00000000000000000501
0.00000000000000000469
0.00000000000000000440
0.00000000000000000412
0.00000000000000000387
0.00000000000000000362
0.00000000000000000340
0.00000000000000000319
0.00000000000000000299
0.00000000000000000280
0.00000000000000000263
0.00000000000000000246
0.00000000000000000231
0.00000000000000000216
0.00000000000000000203
0.00000000000000000190
0.00000000000000000178
0.00000000000000000167
0.00000000000000000157
0.00000000000000000147
0.00000000000000000138
0.00000000000000000129
0.00000000000000000121
0.00000000000000000113
0.00000000000000000106
0.00000000000000000100
0.00000000000000000093
0.00000000000000000088
0.00000000000000000082
0.00000000000000000077
0.00000000000000000072
0.00000000000000000068
0.00000000000000000063
0.00000000000000000059
0.00000000000000000056
0.00000000000000000052
0.00000000000000000049
0.00000000000000000046
0.00000000000000000043
0.00000000000000000040
0.00000000000000000038
0.00000000000000000036
0.00000000000000000033
0.00000000000000000031
0.00000000000000000029
0.00000000000000000027
0.00000000000000000026
0.00000000000000000024
0.00000000000000000023
0.00000000000000000021
0.00000000000000000020
0.00000000000000000019
0.00000000000000000017
0.00000000000000000016
0.00000000000000000015
0.00000000000000000014
0.00000000000000000013
0.00000000000000000013
0.00000000000000000012
0.00000000000000000011
0.00000000000000000010
0.00000000000000000010
0.00000000000000000009
0.00000000000000000009
0.00000000000000000008
0.00000000000000000008
0.00000000000000000007
0.00000000000000000007
0.00000000000000000006
0.00000000000000000006
0.00000000000000000005
0.00000000000000000005
0.00000000000000000005
0.00000000000000000005
0.00000000000000000004
0.00000000000000000004
0.00000000000000000004
0.00000000000000000003
0.00000000000000000003
0.00000000000000000003
0.00000000000000000003
0.00000000000000000003
0.00000000000000000003
0.00000000000000000002
0.00000000000000000002
0.00000000000000000002
0.00000000000000000002
0.00000000000000000002
0.00000000000000000002
0.00000000000000000002
0.00000000000000000002
0.00000000000000000001
0.00000000000000000001
0.00000000000000000001
0.00000000000000000001
0.00000000000000000001
0.00000000000000000001
0.00000000000000000001
